==> doing epoch on training data:	
==> online epoch # 501 [batchSize = 32]	
 [================================ 1057/1083 ===============================>..] ETA: 1s872ms | Step: 72ms                         
==> time to learn 1 sample = 72.037845877509ms	
ConfusionMatrix:
[[      46       0       0       0       0       0       0       0       0       0       0       0       0       0       0       0       0       0       0       0       0       0       0       0       0       0]   100.000% 	[class: 1]
 [       0      46       0       0       0       0       0       0       0       0       0       0       0       0       0       0       0       0       0       0       0       0       0       0       0       0]   100.000% 	[class: 2]
 [       0       0      45       0       0       0       0       0       0       0       0       0       0       0       0       0       0       0       0       0       0       0       0       0       0       0]   100.000% 	[class: 3]
 [       0       0       0      41       0       0       0       0       0       0       0       0       0       0       0       0       0       0       0       0       0       0       0       0       0       0]   100.000% 	[class: 4]
 [       0       0       0       0      35       0       0       0       0       0       0       0       0       0       0       0       0       0       0       0       0       0       0       0       0       0]   100.000% 	[class: 5]
 [       0       0       0       0       0      39       0       0       0       0       0       0       0       0       0       0       0       0       0       0       0       0       0       0       0       0]   100.000% 	[class: 6]
 [       0       0       0       0       0       0      38       0       0       0       0       0       0       0       0       0       0       0       0       0       0       0       0       0       0       0]   100.000% 	[class: 7]
 [       0       0       0       0       0       0       0      38       0       0       0       0       0       0       0       0       0       0       0       0       0       0       0       0       0       0]   100.000% 	[class: 8]
 [       0       0       0       0       0       0       0       0      41       0       0       0       0       0       0       0       0       0       0       0       0       0       0       0       0       0]   100.000% 	[class: 9]
 [       0       0       0       0       0       0       0       0       0      39       0       0       0       0       0       0       0       0       0       0       0       0       0       0       0       0]   100.000% 	[class: 10]
 [       0       0       0       0       0       0       0       0       0       0      41       0       0       0       0       0       0       0       0       0       0       0       0       0       0       0]   100.000% 	[class: 11]
 [       0       0       0       0       0       0       0       0       0       0       0      42       0       0       0       0       0       0       0       0       0       0       0       0       0       0]   100.000% 	[class: 12]
 [       0       0       0       0       0       0       0       0       0       0       0       0      41       0       0       0       0       0       0       0       0       0       0       0       0       0]   100.000% 	[class: 13]
 [       0       0       0       0       0       0       0       0       0       0       0       0       0      39       0       0       0       0       0       0       0       0       0       0       0       0]   100.000% 	[class: 14]
 [       0       0       0       0       0       0       0       0       0       0       0       0       0       0      38       0       0       0       0       0       0       0       0       0       0       0]   100.000% 	[class: 15]
 [       0       0       0       0       0       0       0       0       0       0       0       0       0       0       0      41       0       0       0       0       0       0       0       0       0       0]   100.000% 	[class: 16]
 [       0       0       0       0       0       0       0       0       0       0       0       0       0       0       0       0      43       0       0       0       0       0       0       0       0       0]   100.000% 	[class: 17]
 [       0       0       0       0       0       0       0       0       0       0       0       0       1       0       0       0       0      40       0       0       0       0       0       0       0       0]   97.561% 	[class: 18]
 [       0       0       0       0       0       0       0       0       0       0       0       0       0       0       0       0       0       0      48       0       0       0       0       0       0       0]   100.000% 	[class: 19]
 [       0       0       0       0       0       0       0       0       0       0       0       0       0       0       0       0       0       0       0      42       0       0       0       0       0       0]   100.000% 	[class: 20]
 [       0       0       0       0       0       0       0       0       0       0       0       0       0       0       0       0       0       0       0       0      40       0       0       0       0       0]   100.000% 	[class: 21]
 [       0       0       0       0       0       0       0       0       0       0       0       0       0       0       0       0       0       0       0       0       0      42       0       0       0       0]   100.000% 	[class: 22]
 [       0       0       0       0       0       0       0       0       0       0       0       0       0       0       0       0       0       0       0       0       0       0      43       0       0       0]   100.000% 	[class: 23]
 [       0       0       0       0       0       0       0       0       0       0       0       0       0       0       0       0       0       0       0       0       0       0       0      44       0       0]   100.000% 	[class: 24]
 [       0       0       0       0       0       0       0       0       0       0       0       0       0       0       0       0       0       0       0       0       0       0       0       0      44       0]   100.000% 	[class: 25]
 [       0       0       0       0       0       0       0       0       0       0       0       0       0       0       0       0       0       0       0       0       0       0       0       0       0      46]]  100.000% 	[class: 26]
 + average row correct: 99.906191459069% 
 + average rowUcol correct (VOC measure): 99.814616258328% 
 + global correct: 99.907663896584%
==> saving model to /home/brij/Documents/IIIT/courses/SMAI/Project/SignLanguageDetection/src/CNN/results/model.net	
==> testing on test set:	
 [================================ 457/457 ===================================>] ETA: 0ms | Step: 21ms                             

==> time to test 1 sample = 21.058383081883ms	
ConfusionMatrix:
[[      10       1       0       1       0       0       0       0       0       0       0       0       1       0       0       0       0       0       0       0       0       0       0       0       0       0]   76.923% 	[class: 1]
 [       0      14       0       0       0       0       0       0       0       0       0       0       0       0       0       0       0       0       0       0       0       0       1       0       0       0]   93.333% 	[class: 2]
 [       0       0      14       0       0       0       0       0       0       0       0       2       0       0       0       0       0       0       1       0       0       0       0       0       0       0]   82.353% 	[class: 3]
 [       0       2       0      14       0       0       1       0       0       0       0       0       0       0       0       0       1       0       0       0       0       0       0       0       0       0]   77.778% 	[class: 4]
 [       0       0       2       1      14       0       0       0       0       0       0       0       0       0       0       0       0       0       0       0       0       0       1       0       0       0]   77.778% 	[class: 5]
 [       0       0       0       0       1       7       0       5       0       0       0       0       0       0       0       0       0       1       1       0       0       0       0       1       0       0]   43.750% 	[class: 6]
 [       0       0       2       0       0       0      11       1       1       0       0       0       0       0       0       0       0       0       3       0       0       0       0       0       0       0]   61.111% 	[class: 7]
 [       0       0       0       0       0       1       3       8       0       0       0       0       0       2       0       0       0       2       0       0       1       0       1       0       0       1]   42.105% 	[class: 8]
 [       0       0       1       0       0       0       0       0      15       0       0       0       0       1       0       0       0       0       0       0       0       0       0       0       0       1]   83.333% 	[class: 9]
 [       0       0       0       1       0       2       1       0       0       9       0       0       1       0       1       1       1       0       0       0       1       0       0       0       0       0]   50.000% 	[class: 10]
 [       0       2       0       1       0       0       0       0       0       0      15       0       0       0       0       0       0       0       0       0       0       0       0       0       0       0]   83.333% 	[class: 11]
 [       0       0       1       0       0       0       0       0       0       0       0      16       0       0       0       0       0       0       0       0       0       0       0       0       0       0]   94.118% 	[class: 12]
 [       0       0       1       0       0       0       0       1       0       0       0       0       5       5       0       0       0       6       0       0       0       0       0       0       0       0]   27.778% 	[class: 13]
 [       0       0       2       0       0       0       0       0       0       1       0       0       4       7       0       0       0       4       0       0       0       0       0       0       0       0]   38.889% 	[class: 14]
 [       0       0       4       0       0       0       0       1       0       0       0       0       1       1       8       0       0       2       0       0       0       1       0       0       0       1]   42.105% 	[class: 15]
 [       0       1       2       2       0       0       0       0       0       0       0       0       0       0       0      13       0       0       0       0       0       0       1       0       0       0]   68.421% 	[class: 16]
 [       0       0       0       0       0       1       0       1       0       0       0       0       0       0       0       0      12       2       1       1       0       1       0       0       1       0]   60.000% 	[class: 17]
 [       0       0       0       0       0       0       0       2       0       0       0       0       6       4       1       0       0       7       0       0       0       0       0       0       0       0]   35.000% 	[class: 18]
 [       0       0       0       0       0       0       3       0       0       1       0       1       0       0       0       0       0       1       9       0       0       0       0       0       0       0]   60.000% 	[class: 19]
 [       0       0       0       0       0       0       1       0       0       0       4       0       0       0       0       0       1       0       0      11       0       0       0       0       0       1]   61.111% 	[class: 20]
 [       0       0       0       0       0       0       0       0       0       0       0       0       0       0       0       0       0       0       0       0      12       3       0       0       0       2]   70.588% 	[class: 21]
 [       0       0       0       0       0       0       1       0       0       0       0       0       0       0       0       0       0       0       1       0       0      16       0       0       0       0]   88.889% 	[class: 22]
 [       0       0       1       0       0       0       0       0       0       0       0       3       0       0       0       0       0       0       0       0       0       0      13       1       0       0]   72.222% 	[class: 23]
 [       0       0       0       1       0       1       0       0       0       0       0       0       0       0       0       0       1       0       0       0       0       0       1      15       0       0]   78.947% 	[class: 24]
 [       0       0       0       0       0       0       0       0       0       1       0       0       0       0       0       0       0       0       0       0       0       0       0       2      17       0]   85.000% 	[class: 25]
 [       0       0       2       0       0       0       0       0       0       1       2       0       0       0       0       0       0       0       0       0       0       0       0       0       0       8]]  61.538% 	[class: 26]
 + average row correct: 66.015572387439% 
 + average rowUcol correct (VOC measure): 51.962732065182% 
 + global correct: 65.645514223195%

