==> doing epoch on training data:	
==> online epoch # 676 [batchSize = 4]	
 [================================ 1081/1081 =================================>] ETA: 0ms | Step: 59ms                             

==> time to learn 1 sample = 59.784895617249ms	
ConfusionMatrix:
[[      46       0       0       0       0       0       0       0       0       0       0       0       0       0       0       0       0       0       0       0       0       0       0       0       0       0]   100.000% 	[class: 1]
 [       0      46       0       0       0       0       0       0       0       0       0       0       0       0       0       0       0       0       0       0       0       0       0       0       0       0]   100.000% 	[class: 2]
 [       0       0      45       0       0       0       0       0       0       0       0       0       0       0       0       0       0       0       0       0       0       0       0       0       0       0]   100.000% 	[class: 3]
 [       0       0       0      41       0       0       0       0       0       0       0       0       0       0       0       0       0       0       0       0       0       0       0       0       0       0]   100.000% 	[class: 4]
 [       0       0       0       0      35       0       0       0       0       0       0       0       0       0       0       0       0       0       0       0       0       0       0       0       0       0]   100.000% 	[class: 5]
 [       0       0       0       0       0      40       0       0       0       0       0       0       0       0       0       0       0       0       0       0       0       0       0       0       0       0]   100.000% 	[class: 6]
 [       0       0       0       0       0       0      38       0       0       0       0       0       0       0       0       0       0       0       0       0       0       0       0       0       0       0]   100.000% 	[class: 7]
 [       0       0       0       0       0       0       0      37       0       0       0       0       0       0       0       0       0       0       0       0       0       0       0       0       0       0]   100.000% 	[class: 8]
 [       0       0       0       0       0       0       0       0      41       0       0       0       0       0       0       0       0       0       0       0       0       0       0       0       0       0]   100.000% 	[class: 9]
 [       0       0       0       0       0       0       0       0       0      38       0       0       0       0       0       0       0       0       0       0       0       0       0       0       0       0]   100.000% 	[class: 10]
 [       0       0       0       0       0       0       0       0       0       0      41       0       0       0       0       0       0       0       0       0       0       0       0       0       0       0]   100.000% 	[class: 11]
 [       0       0       0       0       0       0       0       0       0       0       0      42       0       0       0       0       0       0       0       0       0       0       0       0       0       0]   100.000% 	[class: 12]
 [       0       0       0       0       0       0       0       0       0       0       0       0      40       0       0       0       0       0       0       0       0       0       0       0       0       0]   100.000% 	[class: 13]
 [       0       0       0       0       0       0       0       0       0       0       0       0       0      39       0       0       0       0       0       0       0       0       0       0       0       0]   100.000% 	[class: 14]
 [       0       0       0       0       0       0       0       0       0       0       0       0       0       0      38       0       0       0       0       0       0       0       0       0       0       0]   100.000% 	[class: 15]
 [       0       0       0       0       0       0       0       0       0       0       0       0       0       0       0      41       0       0       0       0       0       0       0       0       0       0]   100.000% 	[class: 16]
 [       0       0       0       0       0       0       0       0       0       0       0       0       0       0       0       0      43       0       0       0       0       0       0       0       0       0]   100.000% 	[class: 17]
 [       0       0       0       0       0       0       0       0       0       0       0       0       0       0       0       0       0      41       0       0       0       0       0       0       0       0]   100.000% 	[class: 18]
 [       0       0       0       0       0       0       0       0       0       0       0       0       0       0       0       0       0       0      48       0       0       0       0       0       0       0]   100.000% 	[class: 19]
 [       0       0       0       0       0       0       0       0       0       0       0       0       0       0       0       0       0       0       0      42       0       0       0       0       0       0]   100.000% 	[class: 20]
 [       0       0       0       0       0       0       0       0       0       0       0       0       0       0       0       0       0       0       0       0      40       0       0       0       0       0]   100.000% 	[class: 21]
 [       0       0       0       0       0       0       0       0       0       0       0       0       0       0       0       0       0       0       0       0       0      42       0       0       0       0]   100.000% 	[class: 22]
 [       0       0       0       0       0       0       0       0       0       0       0       0       0       0       0       0       0       0       0       0       0       0      43       0       0       0]   100.000% 	[class: 23]
 [       0       0       0       0       0       0       0       0       0       0       0       0       0       0       0       0       0       0       0       0       0       0       0      44       0       0]   100.000% 	[class: 24]
 [       0       0       0       0       0       0       0       0       0       0       0       0       0       0       0       0       0       0       0       0       0       0       0       0      44       0]   100.000% 	[class: 25]
 [       0       0       0       0       0       0       0       0       0       0       0       0       0       0       0       0       0       0       0       0       0       0       0       0       0      46]]  100.000% 	[class: 26]
 + average row correct: 100% 
 + average rowUcol correct (VOC measure): 100% 
 + global correct: 100%
==> saving model to /home/brij/Documents/IIIT/courses/SMAI/Project/SignLanguageDetection/src/CNN/results/model.net	
==> testing on test set:	
 [================================ 459/459 ===================================>] ETA: 0ms | Step: 18ms                             

==> time to test 1 sample = 18.412475232725ms	
ConfusionMatrix:
[[      10       1       0       0       0       0       0       0       0       0       0       1       0       0       0       0       0       0       0       0       0       0       0       1       0       0]   76.923% 	[class: 1]
 [       1      13       0       0       0       0       0       0       0       0       0       0       0       0       0       0       0       0       0       0       0       0       1       0       0       0]   86.667% 	[class: 2]
 [       0       0      13       1       0       1       0       0       0       0       0       0       0       0       0       0       0       0       1       0       1       0       0       0       0       0]   76.471% 	[class: 3]
 [       2       0       0       9       0       0       0       0       0       0       2       0       0       0       0       4       0       0       0       1       0       0       0       0       0       0]   50.000% 	[class: 4]
 [       0       0       1       1      14       1       0       0       0       0       0       0       0       0       0       0       0       0       0       0       0       0       1       0       0       0]   77.778% 	[class: 5]
 [       0       0       1       0       0       8       1       2       0       0       0       0       0       0       0       0       0       1       1       1       0       0       0       0       0       0]   53.333% 	[class: 6]
 [       0       0       0       0       0       1      10       0       0       0       0       0       0       0       0       0       0       0       5       0       1       0       0       1       0       0]   55.556% 	[class: 7]
 [       0       1       0       0       0       3       0       8       0       2       0       0       1       0       1       0       2       0       0       0       0       1       1       0       0       0]   40.000% 	[class: 8]
 [       0       0       0       0       0       0       0       0      16       0       1       0       0       0       0       0       0       0       0       0       1       0       0       0       0       0]   88.889% 	[class: 9]
 [       0       0       0       1       0       1       0       0       0       6       1       0       2       0       0       0       0       1       1       0       0       0       4       0       2       0]   31.579% 	[class: 10]
 [       0       0       0       2       0       0       0       0       0       0      14       0       0       0       1       1       0       0       0       0       0       0       0       0       0       0]   77.778% 	[class: 11]
 [       0       0       1       0       0       0       1       0       0       0       0      14       0       0       0       0       0       0       0       0       0       1       0       0       0       0]   82.353% 	[class: 12]
 [       0       0       0       0       0       0       0       0       0       0       0       0       4      12       0       0       0       3       0       0       0       0       0       0       0       0]   21.053% 	[class: 13]
 [       0       0       0       0       0       0       0       0       0       0       0       0       3       9       0       0       0       6       0       0       0       0       0       0       0       0]   50.000% 	[class: 14]
 [       0       0       1       0       0       0       0       0       0       2       0       0       0       0       9       0       0       2       1       0       1       1       0       0       1       1]   47.368% 	[class: 15]
 [       0       0       1       1       0       0       0       0       0       0       2       0       0       0       0      14       0       0       0       1       0       0       0       0       0       0]   73.684% 	[class: 16]
 [       0       0       1       0       0       1       0       0       0       0       0       0       0       0       0       0      11       2       2       1       0       0       0       0       1       1]   55.000% 	[class: 17]
 [       1       0       0       0       0       0       0       0       0       0       0       1       0       4       0       0       0      13       0       0       0       1       0       0       0       0]   65.000% 	[class: 18]
 [       0       0       0       0       0       1       0       0       0       0       0       0       0       0       0       0       0       0      13       0       0       0       1       0       0       0]   86.667% 	[class: 19]
 [       0       0       0       0       0       0       0       0       1       0       4       0       0       0       0       0       2       0       1      10       0       0       0       0       0       0]   55.556% 	[class: 20]
 [       0       0       0       0       0       0       1       0       0       0       0       1       0       0       1       0       0       0       0       1      10       3       0       0       0       0]   58.824% 	[class: 21]
 [       0       0       0       0       0       0       0       0       0       0       2       0       0       0       0       0       0       1       1       0       1      13       0       0       0       0]   72.222% 	[class: 22]
 [       0       0       0       0       0       0       2       0       0       1       0       0       0       0       0       0       0       1       0       0       0       0      14       0       0       0]   77.778% 	[class: 23]
 [       0       0       0       0       0       1       0       0       0       0       0       0       0       0       0       0       0       0       0       0       0       1       0      17       0       0]   89.474% 	[class: 24]
 [       0       0       0       0       0       0       0       0       0       0       0       0       2       0       0       0       0       1       0       0       0       0       0       4      13       0]   65.000% 	[class: 25]
 [       0       0       0       0       0       0       0       1       0       0       0       0       0       0       0       0       0       0       0       0       0       0       0       0       0      12]]  92.308% 	[class: 26]
 + average row correct: 65.663767663332% 
 + average rowUcol correct (VOC measure): 50.199138086576% 
 + global correct: 64.705882352941%

